-3.8285
98.6253
146.792
129.885
91.0867
114.221
15.4878
-4.54556
15.9766
42.7354
50.9928
27.9142
43.6423
-0.0646606
135.612
49.4257
-9.53991
53.139
-2.57925
133.966
133.411
-0.721486
42.0006
39.3136
12.6742
-1.20661
45.6591
189.715
15.3021
37.7027
81.478
172.653
211.769
12.9793
8.52517
7.57903
2.55079
74.0129
164.526
63.3453
28.3777
29.0043
107.196
10.3132
107.207
284.074
78.2259
137.452
32.8399
7.65291
-2.32234
9.00141
280.023
136.624
11.9454
133.754
7.13931
16.8841
84.4641
29.4513
6.2416
-1.72786
66.2023
60.2286
-1.96658
2.94776
3.72657
140.137
83.7345
3.89912
2.75829
11.7153
18.0141
-1.61791
97.8749
60.7413
4.42064
9.78373
1.52037
-0.392151
-0.616505
102.68
145.645
119.979
21.4344
52.6689
40.3083
-8.56921
6.42689
1.03417
10.3102
117.113
80.6466
29.7243
-1.90449
29.7517
39.7472
63.7667
18.0865
18.5399
73.6746
-0.492852
-1.74896
1.86304
12.6879
-2.88503
77.4762
38.587
49.9511
13.6374
123.103
122.949
77.5981
16.741
7.33388
10.0976
75.9351
0.73408
10.1202
-0.608342
-2.11823
162.412
157.951
90.879
61.9317
84.9629
18.9682
122.535
2.66783
28.4375
15.852
2.20768
230.815
93.1346
7.52362
134.278
-0.521496
17.5489
5.82998
152.406
154.919
-2.75305
0.567129
17.8321
17.4384
2.34698
90.4988
121.151
61.9431
13.5274
106.695
1.7794
-2.68357
18.7917
240.364
204.12
41.3853
69.662
131.081
134.486
-0.500873
29.4047
60.1882
113.364
-0.0806076
43.3548
46.8403
-6.73787
76.4368
72.672
5.76977
105.221
-0.11492
38.0749
43.127
40.1162
13.5372
1.26839
29.8176
138.85
153.524
39.7352
64.0047
84.202
60.1845
20.8402
86.2374
4.39889
237.311
80.0178
-8.5209
0.530821
33.4134
129.511
18.9609
9.59324
125.975
116.647
26.9212
18.4554
-3.23971
162.101
60.0179
16.4201
-1.56888
-0.0853357
25.0542
105.486
2.18295
9.99247
11.7273
42.6667
22.2131
63.1532
-0.246651
1.98652
20.8908
110.27
80.6981
-1.61496
135.482
93.3991
4.85978
72.9099
34.1297
5.64227
156.169
2.76928
55.0354
0.743785
104.281
-0.376321
-1.49881
27.2124
-0.46383
5.98899
129.903
61.2933
9.01489
7.96562
-2.71825
27.8422
53.9734
39.791
76.2603
74.1009
-0.103585
133.299
141.141
14.9973
18.4033
-0.324439
11.9868
5.45064
79.8528
112.304
28.1769
47.513
80.5395
163.808
90.961
5.70852
62.8865
62.1673
6.81083
65.0296
2.94611
46.7356
212.911
81.2591
-0.907708
4.13198
67.1069
206.919
4.8084
0.303996
111.874
63.4781
107.43
-0.0802629
1.43565
80.9671
153.888
134.882
-2.341
6.315
32.5638
3.82743
32.6061
7.00256
-0.989845
35.6473
22.055
117.188
55.9725
28.8772
22.8366
79.9225
111.968
45.122
65.0794
28.8614
1.52815
35.3106
26.6832
47.418
140.932
124.002
1.79688
10.8819
6.66456
112.218
109.42
45.6215
50.1197
-1.87702
127.293
93.3381
69.8054
6.56016
-3.86054
24.8516
-1.01114
-2.52741
-4.00591
37.6047
13.104
-2.85916
-1.3497
8.03231
16.5659
13.608
164.776
247.063
94.6107
16.6779
148.398
32.7999
72.0391
11.7294
42.3275
-2.0759
34.6846
26.4487
-14.4385
58.1557
13.9392
40.9958
39.417
13.3275
36.1021
23.182
51.9364
47.1813
11.5614
108.257
96.6779
194.286
262.105
160.838
3.24223
39.5309
60.6097
12.5304
28.1952
-7.76537
51.8887
54.9305
34.0599
7.51869
-0.0250413
2.24344
67.5059
0.606817
1.80579
40.6281
34.2838
136.431
160.645
61.7095
61.9823
46.6147
2.56717
17.9881
81.1918
53.9277
22.6241
126.374
56.1579
67.0371
20.4254
32.644
169.601
2.60725
15.9813
115.391
55.8068
25.4977
1.23673
13.5411
39.4258
100.572
35.3966
-1.92354
40.7725
102.902
0.446273
203.742
119.358
56.0665
86.0264
27.6727
67.5843
91.78
0.222529
115.206
156.051
41.1392
57.874
3.27133
81.7312
3.11923
-0.67484
-7.21479
16.7983
20.7223
19.3813
21.0587
158.268
15.259
10.7532
55.3947
137.911
25.4565
43.2436
171.798
49.4924
103.267
-13.5979
143.361
48.0527
0.204945
31.5888
-5.76078
28.6756
89.1723
84.9121
0.819971
-3.11638
19.3565
49.0025
2.08722
200.657
133.682
-3.82177
4.91285
19.8153
94.8654
79.3407
-2.28229
0.0993407
-0.125753
3.52047
26.9564
41.8029
37.714
160.937
8.58404
46.6507
44.3771
15.8857
4.39477
169.941
26.5384
108.651
149.318
55.9061
25.4305
-0.354298
11.6071
53.2284
10.1908
0.95921
-1.91316
39.3176
154.353
57.1276
200.406
109.364
-0.261495
-2.38691
11.3032
30.5018
107.621
16.5411
130.253
124.719
140.911
40.4319
109.832
228.876
-1.91848
3.37364
-1.05458
-0.391918
44.8622
73.6383
21.5716
170.405
-0.1979
97.4721
17.3526
135.616
163.448
121.426
7.91877
22.4904
76.2708
89.0378
53.3655
15.5858
27.5279
34.6494
150.568
95.7097
2.76126
-0.970783
96.2272
93.711
19.406
46.1724
-12.7936
61.4641
164.323
11.7722
96.7557
74.5803
111.761
97.6351
43.8172
51.7255
-0.0234387
8.77482
30.763
3.55172
225.765
244.865
7.87155
18.255
16.0744
47.3028
14.7471
25.4203
25.8092
110.181
132.694
0.711709
31.5762
43.1918
41.8892
131.677
161.214
0.610746
77.3918
76.1838
52.4702
73.2118
92.7386
6.51693
7.48503
119.962
46.1657
140.823
221.697
1.43547
-0.956618
14.6049
-1.10188
169.55
70.654
112.958
-21.6496
27.0715
48.9441
-0.134096
0.100389
17.6632
141.863
280.195
167.482
110.89
87.1193
193.281
87.7404
109.098
20.5733
21.7788
81.9959
84.8247
-0.469493
121.567
80.4383
4.37691
64.7323
8.57296
49.2538
-0.347743
-0.072756
-1.31096
7.07508
13.4611
1.18031
8.16152
130.228
26.7566
58.9333
-0.204955
38.767
60.1611
26.1869
1.33721
34.6756
165.419
1.78346
21.0775
147.983
22.1357
45.8437
199.458
96.6349
58.068
62.7293
3.46945
-2.41343
-1.92458
131.954
97.1239
-0.415233
8.10486
31.9254
2.481
187.099
109.862
-2.54972
19.2106
163.398
253.319
83.5424
47.1262
19.8034
161.075
74.0999
0.0362001
3.19558
47.494
-0.397612
15.2023
16.8228
191.762
144.669
229.377
80.2951
30.6268
151.315
102.797
-0.629427
-2.91883
-1.86381
1.35626
71.9876
115.018
180.052
132.206
160.008
64.833
90.5221
106.429
90.6159
35.8155
10.0904
75.8925
77.8614
44.5547
0.987635
92.5255
202.884
146.644
69.139
38.9927
4.89054
-1.26792
-0.163305
129.276
162.787
21.9567
55.1203
-1.0407
52.1077
-6.94399
28.1627
24.1381
50.1078
182.398
11.5344
27.1153
-0.729867
-0.628205
45.2094
102.314
113.191
234.723
171.473
9.9124
108.852
8.29725
0.938224
94.6554
210.952
131.866
18.1763
37.1326
71.8876
120.889
96.0145
54.4386
57.3751
74.8608
28.4195
64.1734
26.2327
26.8129
1.03205
-0.103503
39.2924
117.772
55.8054
31.2377
5.61605
-8.09333
-6.12108
144.401
105.729
31.4833
9.2741
1.73604
12.3956
8.71893
6.32016
18.086
74.7537
81.5288
37.0884
26.5018
92.2722
98.2287
3.10963
15.9457
99.5898
-7.03647
7.11615
7.32812
-0.232394
-1.08284
9.9815
141.136
17.5096
134.71
206.045
71.2493
49.1197
55.4673
60.8919
3.22175
-2.53998
18.9969
48.6688
10.6774
57.8651
12.3155
26.5674
60.9226
39.2424
21.4399
92.6083
9.91293
45.7804
0.202601
15.5708
31.3237
14.7975
1.11613
2.06049
0.47801
87.5535
45.9556
50.3525
4.28546
104.128
3.90282
11.7248
-0.875809
5.65852
-2.10422
5.90597
1.15288
2.74717
82.4996
55.4804
43.0158
7.334
-1.09511
15.8414
33.3094
0.00894381
6.04752
110.178
108.818
39.0818
68.033
112.641
23.2019
32.4239
18.0233
0.071009
2.04164
107.787
25.3336
31.4438
17.8973
62.0413
60.373
21.8997
4.07725
10.7221
98.5767
3.56551
49.0885
71.577
-3.08868
55.0425
21.3191
-2.20828
1.24216
5.39177
130.394
76.7619
213.487
201.526
28.5747
24.3811
29.5534
62.4862
-14.5194
97.9098
19.7334
76.6286
113.075
113.632
123.311
-13.9372
2.76073
61.3084
164.885
142.336
97.2291
50.4121
42.9685
0.357713
7.46938
11.5755
3.33737
29.7188
53.4886
77.4068
-4.56608
45.1187
232.975
186.249
46.2667
7.56465
67.6189
24.5922
0.712659
107.127
108.706
41.8069
53.911
-18.7196
18.1333
141.43
91.3058
27.3122
138.336
99.4876
0.8835
6.38797
16.0198
108.951
-2.24113
94.3399
1.29884
7.0707
256.1
168.952
0.602763
227.294
3.24137
182.769
190.358
61.0358
34.2376
21.4036
2.21162
103.853
44.7946
27.4069
31.7419
87.8918
60.2384
51.9435
-0.0683188
-1.07068
8.36151
5.95358
-13.0049
-13.1864
-1.86693
1.90872
1.43553
99.8424
124.607
90.3071
245.407
105.408
31.6243
125.181
5.21037
5.31346
78.7981
151.968
117.294
4.59597
114.767
5.2159
124.569
-1.05389
102.011
28.8836
12.6775
6.17035
-6.08118
105.877
-2.2452
10.3579
43.0068
29.5921
83.1165
44.9974
57.5906
39.2118
101.726
99.605
5.70243
16.0011
4.9503
14.2849
-1.4661
66.5351
80.9224
96.2978
113.31
64.2648
55.7062
4.78444
60.5536
85.2004
29.0739
238.739
133.747
141.668
13.3738
1.21323
143.117
41.7479
38.2766
176.755
126.884
201.535
63.011
76.778
17.3657
37.407
53.3679
122.45
8.78862
-0.0064221
3.76241
38.2127
83.136
63.5499
32.2136
117.044
67.9488
91.4947
60.738
53.7594
27.8726
-1.13097
164.471
180.37
-0.766515
134.762
312.801
111.783
80.9084
29.1288
27.7013
86.2348
59.9517
46.9743
-6.18762
200.327
111.7
4.42425
79.9731
-18.4867
39.3495
26.2658
25.05
7.5735
34.8297
102.88
39.3024
22.0733
64.8375
23.1295
13.681
82.2234
98.8717
-5.41459
-1.56319
5.42132
0.864698
0.257243
24.8304
37.0393
19.2005
14.1392
40.5239
54.6593
-8.31849
47.2248
188.128
24.232
24.2685
-1.19726
7.70865
92.8681
2.61122
156.189
91.8617
21.4125
-6.37632
6.8692
16.4713
0.518275
-0.0950038
38.9353
48.1532
151.054
133.674
36.8937
22.8555
12.3894
111.187
102.394
6.85907
-0.601197
0.459398
20.6618
97.6948
146.617
22.6627
27.7868
-0.474706
-5.62672
22.182
-9.83685
211.855
268.415
150.499
107.919
10.3357
281.88
226.892
15.5043
27.6024
47.8386
176.288
8.22778
5.39072
91.5414
1.43151
21.5108
122.492
211.96
-5.23412
-0.742284
1.68306
0.0871098
125.056
18.1856
16.9942
-0.894451
-3.2341
46.8144
43.4523
60.4206
-1.4136
-13.5933
44.3676
48.9954
14.3876
9.44924
180.768
177.901
67.0872
0.732535
132.091
170.315
133.347
61.5467
55.8837
-0.415273
74.6936
74.1165
-5.60333
97.2503
53.7488
17.5746
39.5386
144.05
-18.1272
41.2443
42.5285
138.633
136.247
57.663
48.5658
-6.43874
96.9905
254.296
40.285
57.6213
143.422
83.9007
8.05168
3.88
-2.67711
100.848
26.4157
101.64
70.7861
-6.64546
-0.265787
3.93462
-7.03247
-9.41439
95.904
-0.0556125
-0.352326
106.234
148.568
116.047
129.04
92.4004
147.148
221.692
277.051
18.0419
10.0098
2.22503
12.2957
6.00488
16.2056
196.314
0.146743
1.656
71.6932
11.6227
108.609
73.6287
49.391
-0.17015
-1.15385
-9.9508
-20.3723
64.8694
49.059
49.7276
82.5282
41.8245
5.44216
-2.5165
59.8676
78.5344
224.021
2.99529
133.41
127.075
36.3985
1.38884
-2.95988
-19.108
12.5982
6.54801
-7.01147
7.88445
113.081
-27.9735
18.322
108.036
22.033
163.572
108.656
94.1413
25.9944
55.8528
12.0148
-3.62214
-3.46393
158.461
3.07855
27.1998
123.513
121.379
-0.132468
15.0122
94.0213
101.959
0.979482
101.698
75.1385
39.7412
34.6402
5.57379
2.89414
22.7747
-5.09454
0.434307
1.36466
68.8799
105.676
22.303
109.154
90.6819
-0.0539106
88.3884
152.647
7.54813
77.4413
78.6525
112.128
100.983
134.645
100.892
-0.0307034
127.01
129.523
79.8967
85.5678
210.036
264.45
184.499
-0.0808122
-5.21814
-6.78393
32.321
139.948
106.586
83.8343
0.517822
135.011
148.389
27.6157
21.2258
122.646
133.738
-1.11056
136.896
136.912
1.03553
65.6911
77.3428
39.1922
60.2468
13.2241
-11.2184
81.5306
133.313
125.199
3.5875
43.4993
203.415
164.073
78.4753
-0.734559
8.16269
11.3554
146.073
-0.185382
56.0263
25.4157
82.1717
182.358
207.689
77.962
143.449
213.138
-3.10411
3.10583
4.00269
50.773
45.1203
3.71272
1.90986
50.6085
34.5271
-6.10311
47.205
58.2077
27.9006
-0.288647
34.8632
82.6816
94.771
-0.598614
0.513181
11.1842
13.1203
-10.7504
-15.6907
-3.38773
-9.51454
134.362
33.3953
87.0398
74.5819
55.2922
11.6923
14.6089
-4.33894
0.642183
103.612
15.3481
62.7266
67.1277
5.61665
10.0396
48.9553
203.384
136.997
0.0328534
15.5289
3.91419
0.731472
-1.7799
134.595
1.1006
-3.67548
68.0039
36.4683
1.94
-0.609398
0.696118
38.9294
120.331
129.963
-13.5902
115.552
73.4859
41.1488
104.146
103.465
136.181
40.5555
-9.72811
5.06719
7.39625
157.268
44.3393
68.2201
43.1994
22.9416
15.107
27.5437
6.5547
-3.91667
57.9175
25.7741
80.8573
82.103
-3.95037
14.5759
12.7623
4.43039
50.636
111.368
99.0533
85.3803
73.3458
41.1306
27.1532
76.9977
26.5354
4.42055
3.46676
1.4656
17.8043
-1.72399
-0.879623
139.513
32.6905
54.7561
-1.97051
148.318
201.669
41.2092
51.4736
0.18932
83.1034
78.0761
38.4731
-22.505
12.1381
-19.8295
-22.6979
21.8964
17.3197
4.23268
151.714
119.51
0.196424
-0.125092
0.0940945
-6.21264
-7.59873
64.5166
156.287
0.748341
82.6083
51.5617
10.3488
8.52977
-0.436424
56.2334
5.77217
5.11696
-0.869021
65.3024
129.709
98.3237
118.806
-4.73463
-4.23997
77.2112
45.9209
51.5455
-3.35062
-3.09605
81.9124
-6.37859
-2.51673
7.24491
31.5969
-10.9846
22.6168
26.3125
171.072
75.1348
16.6917
15.2331
22.8849
19.6863
4.79193
1.55993
137.454
-2.78738
32.6747
16.5298
-1.69469
19.6566
23.6402
121.477
66.6737
0.0832353
-1.95975
7.5502
118.392
145.655
120.825
145.637
11.4295
76.7526
-2.00945
28.3618
92.4929
71.7247
16.96
26.0252
-0.487691
19.7748
140.232
-6.4448
-2.06842
-1.46789
34.1522
129.225
94.6021
16.0895
153.54
90.1317
1.87317
5.2435
0.53985
61.3472
60.2304
30.5174
110.185
58.1635
6.83124
3.44019
5.49468
7.6387
14.1622
82.1311
18.5726
2.21764
14.8416
251.018
231.097
-2.60758
-5.17798
30.945
51.6968
133.846
-0.582228
6.43136
108.077
85.3701
95.7727
0.325
103.632
43.8202
31.493
8.32702
26.7832
16.2778
155.546
-10.2709
-1.47322
47.2629
75.721
2.57431
-1.6408
101.781
163.766
14.1303
107.604
80.6037
18.3053
31.9226
122.038
196.767
190.419
0.247189
1.35462
108.842
376.342
139.972
2.46872
12.5328
5.70495
52.567
51.3415
3.45158
51.4417
-0.537974
48.5134
31.9092
65.646
192.829
99.8568
1.29384
-1.66285
-8.3287
36.3286
-2.29489
1.23113
42.7026
233.037
1.13975
102.546
106.992
46.2722
9.50802
9.55371
46.8595
144.478
40.2608
3.20329
21.4535
-5.94238
-6.39917
-2.09704
6.63018
13.688
78.0937
72.4298
157.414
7.28598
-2.61671
12.3588
38.6629
45.9757
69.4523
69.8159
11.3617
34.6974
7.68292
30.0749
25.7571
111.918
84.8178
3.25087
0.105309
3.8164
74.2178
103.108
50.2447
59.5408
24.244
35.5845
11.615
66.4516
193.049
108.953
-7.96104
-8.86224
14.8386
49.663
45.1358
-8.23429
129.698
276.689
146.714
24.0654
-1.57702
147.907
152.678
12.3555
1.97501
-1.94698
-1.38691
37.2418
6.62884
-0.548919
5.23516
39.6518
6.79778
9.92133
120.798
106.185
128.261
34.9392
20.4947
80.2956
7.20176
8.55271
91.1463
90.2211
12.8487
119.23
-2.53165
41.2506
4.52408
6.84639
117.729
159.573
0.179885
100.016
92.625
16.2726
13.5129
3.86309
-0.731483
45.9452
-0.60866
15.377
82.6663
10.4293
3.21129
55.0842
49.8887
37.2233
19.2727
133.97
137.363
-1.42464
7.81431
103.343
96.3762
23.4234
37.4244
15.8331
63.1353
-5.48741
101.771
46.6989
156.661
147.598
10.1963
24.0369
19.3225
23.8609
34.0698
88.817
28.0057
82.9427
55.6708
145.457
26.2594
-17.5876
129.886
33.5469
3.35374
19.2688
0.0190045
1.37985
147.904
19.004
56.6702
45.5326
2.18486
1.45571
0.313164
0.346374
113.829
153.688
83.1938
26.9882
23.8016
112.013
130.637
31.9718
-3.08674
138.361
1.95873
16.5181
159.167
-1.4746
9.81629
125.577
-2.29261
8.62309
42.0326
29.464
120.494
61.4833
60.9931
52.0018
17.3081
-0.291055
51.5199
117.363
27.4691
142.321
229.609
161.577
21.8328
57.1928
29.4465
25.7082
33.3025
28.7963
76.8992
6.38222
30.0183
105.347
-7.95518
11.3484
20.8882
30.4892
-5.74535
34.6889
63.748
88.7871
113.068
54.5737
121.051
13.195
-3.36492
22.8386
24.9552
21.634
19.1921
-0.0982007
14.8245
101.833
105.225
152.119
17.9131
84.564
178.584
99.4216
104.645
100.082
-2.57686
-0.70901
88.5216
61.1985
72.3735
-2.75247
101.544
91.2578
65.4128
12.6873
96.9859
123.217
59.3893
22.5434
6.53424
43.6743
34.9264
0.411684
31.8878
117.814
0.232615
15.9065
143.405
4.13338
119.143
92.8813
76.3656
44.0767
178.512
102.422
-2.39955
16.8869
27.0659
27.0059
0.0411134
47.4605
-0.646612
38.6305
16.4792
76.5651
47.5333
2.02958
131.051
116.072
4.91284
0.474546
88.9018
53.5297
58.0449
8.25448
1.2812
103.905
43.6471
51.2419
26.8655
3.22391
3.36858
23.2142
30.6683
36.2557
140.852
56.4913
143.228
2.76244
8.83055
-0.197703
-1.96356
-0.163793
4.91192
7.43495
147.393
112.914
101.405
161.922
65.7283
59.011
141.893
21.2424
40.3868
76.4311
35.1167
52.5159
28.8816
71.9962
98.4955
19.2424
99.4499
6.08376
277.333
169.139
15.5397
12.69
1.51712
16.6288
-0.317167
-16.0376
137.438
149.861
36.2488
2.85705
5.53419
-0.0436231
3.5586
0.215373
138.503
14.9546
-2.17822
7.14118
97.1356
113.686
-0.31242
119.74
7.46721
52.009
50.9381
47.3543
15.2271
2.89345
2.8415
-0.840941
-3.32424
14.851
232.467
198.714
39.5498
11.3121
-1.04824
48.7635
46.9343
82.7312
89.4802
-7.46229
110.271
174.552
66.084
1.66978
-0.0461071
-0.0941305
16.3708
-0.283906
76.9054
17.543
89.563
10.9682
46.7863
44.5159
15.6608
-2.6588
128.109
29.5499
215.676
38.4905
79.749
334.419
217.722
18.6433
172.533
112.504
112.242
327.371
75.6301
21.5107
46.8136
27.8586
37.8119
144.117
208.687
19.0679
78.523
-3.02
47.9686
103.21
112.934
99.6656
37.8617
-17.9614
132.204
280.858
143.959
0.0265346
12.9212
-1.24207
18.0786
283.981
153.552
96.9792
98.5914
-0.870842
-0.703399
12.6093
100.583
116.237
69.967
147.189
22.8215
10.6317
29.2198
14.7815
1.52019
31.8102
62.3029
8.37919
13.9211
9.30125
36.7527
15.9833
5.43445
61.7799
0.380706
3.78938
1.26192
119.645
40.1498
107.204
189.664
106.869
110.315
22.454
35.4707
25.6079
80.7213
61.8275
2.86358
26.5128
77.4489
192.144
45.0347
-0.17917
129.649
12.3547
142.226
2.50896
28.5855
112.013
165.602
41.6853
62.432
161.647
140.86
178.047
73.3564
45.8489
24.2998
72.6573
115.148
-4.48168
-11.2621
147.588
6.11227
41.8079
106.222
98.5087
65.1207
89.1996
83.9726
56.2903
77.571
104.13
188.059
102.694
33.9607
24.4427
17.1093
140.515
99.9562
14.2149
-0.285678
64.4477
0.178399
44.077
100.413
-0.232035
283.762
252.727
0.476011
53.9102
98.1359
39.614
23.3488
53.8665
126.075
156.156
155.624
113.458
2.21996
-2.60426
-2.90655
118.864
166.51
79.9274
72.0259
146.36
1.66494
-0.255059
109.806
77.5728
114.59
154.131
3.33155
14.8329
29.0282
50.2728
57.8213
141.488
140.78
138.829
37.6174
4.65842
-0.22048
42.1209
64.7522
-3.24718
-0.00934982
11.6902
162.099
122.811
42.4295
14.2126
68.4849
53.9425
46.2559
16.0472
33.7195
0.51475
129.436
132.888
189.272
219.943
17.6951
39.6681
41.9553
-1.77986
8.76035
124.04
27.0449
21.5455
19.5172
4.82365
-22.6897
-4.19556
-6.18605
2.63984
-2.0108
2.99361
84.1788
14.7208
109.964
64.0439
2.98439
46.3052
182.841
128.846
108.83
0.0279009
-10.2727
21.4047
53.0209
-1.89767
7.06209
76.4553
223.632
44.586
6.14982
116.002
49.7597
55.0552
261.694
128.614
37.0622
0.0181109
82.2878
81.0238
1.53881
52.0977
22.3947
75.2479
14.0808
55.4005
-0.107006
33.8147
122.032
113.598
96.2095
3.81342
7.74927
0.763304
2.12005
-1.55111
-1.59354
1.61116
1.69428
1.21024
53.9176
0.00784612
43.365
135.651
12.1843
2.82947
180.879
46.9372
40.4687
-5.04208
11.4038
60.581
61.1086
19.1351
150.631
154.74
131.816
33.7344
93.8539
63.367
21.6857
213.109
106.323
28.8216
16.6155
71.0007
73.259
-1.29864
46.0662
58.2142
13.03
107.422
133.572
92.0783
151.191
18.4966
27.5351
14.803
52.8579
22.2418
27.8304
126.771
-8.24274
20.2099
53.8857
1.79441
1.49694
76.8859
31.649
-0.0884603
20.9779
36.1163
18.581
-4.79303
181.672
20.1059
53.2473
47.716
29.1363
-9.0181
1.54311
50.4754
57.7414
198.815
18.8497
84.3794
105.694
65.8802
155.247
60.5057
209.067
51.2285
151.736
4.47406
-0.0176602
19.9146
35.082
116.292
18.0545
17.9173
50.311
134.574
130.232
134.133
39.7155
34.7602
71.3663
8.08406
29.8949
80.492
43.2088
45.4422
127.019
-0.255549
111.158
31.5437
46.8376
13.338
101.559
99.9811
23.1225
9.26121
1.31645
74.1089
61.9676
41.8864
23.4656
9.17107
6.08621
10.9815
41.7324
15.0129
33.6641
42.2195
63.2522
-0.589765
56.9768
68.5516
12.1156
63.2641
-2.28449
121.073
0.057553
2.14103
25.5449
0.19697
-0.342282
97.1455
-1.33316
-0.457816
18.998
38.474
122.242
78.1121
53.463
-0.694382
23.6854
7.60023
38.7436
-3.87713
15.2225
25.9933
13.0898
188.213
18.6324
15.8293
41.1301
2.87907
48.6981
-2.68592
148.219
55.5369
127.049
-0.0482678
-0.392528
-9.0626
-1.74903
172.579
16.6036
32.1076
30.8587
135.74
22.552
22.8493
-0.121962
0.452385
0.893214
5.31854
-6.00952
85.5009
5.22547
122.804
137.301
17.8267
135.815
1.47482
14.3529
17.4985
10.7313
-2.47328
39.8654
59.5329
13.3059
24.1948
0.46723
16.731
7.89208
177.155
159.459
32.9511
79.1852
-1.74738
0.180135
-0.37147
68.0488
1.58148
7.99311
1.42255
0.342228
69.665
138.582
28.8653
6.91519
48.475
89.2911
14.5958
0.00922975
-0.179427
0.0210403
50.6117
5.23713
11.4899
9.87182
-4.34231
4.37753
56.4149
152.572
64.7004
99.2799
61.7765
16.3904
28.2558
10.9917
119.774
203.862
11.9094
164.44
-2.23261
11.6198
-1.3337
70.0276
116.501
25.6274
19.8373
50.7773
28.1806
-0.530286
52.5026
-1.58834
2.08397
1.47484
65.1825
-16.933
1.18852
20.6393
20.6103
50.5944
85.9594
50.3105
0.658597
-3.8256
123.404
13.0706
14.4932
237.549
111.72
1.46993
10.5268
27.7133
4.83297
2.40831
1.47303
67.88
5.83192
76.1571
28.0738
-0.179241
156.833
148.969
0.890483
0.27307
19.1261
61.0085
29.466
155.97
321.736
53.6738
12.3432
-0.04666
2.32825
253.293
-0.700719
1.89154
41.7012
65.715
56.5648
41.9885
21.7832
168.408
49.4123
2.86887
81.8742
137.064
3.68042
-3.69218
69.3072
105.664
-2.51048
20.4632
-2.13104
53.788
196.104
17.8794
19.0229
146.705
16.7812
130.722
37.5653
15.9217
4.49488
57.608
45.7024
0.569
36.5764
-2.50031
-0.410493
-3.49325
17.4361
20.2634
126.842
122.947
64.6519
-23.0738
7.0496
14.8442
1.2338
6.33982
2.41386
0.759375
1.15011
0.0170488
60.2194
171.619
127.924
139.411
49.6864
30.7071
30.5197
43.4733
30.0106
48.4866
165.217
119.205
-3.64086
66.9665
92.6863
6.39271
35.3309
17.6295
116.098
18.3134
-1.45882
91.6781
225.157
2.91787
141.262
7.10815
66.0659
55.1384
7.17482
272.865
128.754
61.1915
0.733539
1.17408
80.1768
11.6975
-0.10199
205.505
94.5656
62.6162
38.3559
61.3375
119.885
60.8646
-3.21769
2.47849
-2.30359
50.0137
-2.03276
19.4789
164.806
34.2451
22.0077
10.9986
10.2293
-1.45746
63.7811
22.5172
72.3697
81.6189
9.23484
11.9311
45.1999
2.50836
14.4661
8.23758
21.1061
124.465
106.767
-5.35434
-0.395381
68.1028
127.219
1.41147
0.852844
-1.62219
157.22
59.6293
25.7553
29.1421
32.9018
69.7377
8.7965
14.5671
24.1552
81.4724
152.646
96.9699
25.7647
10.5334
185.239
135.467
22.0198
67.6941
102.549
63.5675
112.189
-0.705241
115.685
3.75149
16.9977
16.9078
176.539
0.466146
13.5728
29.9392
66.1582
56.5122
9.90592
22.1825
-4.90985
63.2725
-2.60042
19.3007
152.032
77.8132
149.173
181.022
80.7312
58.2003
13.2435
158.324
330.5
207.144
7.3207
47.7484
8.84539
159.31
82.978
96.7699
16.5184
87.2599
94.1162
10.9152
7.78578
0.0362026
-14.1261
-14.2302
37.2564
49.6795
10.4789
1.77555
18.0297
22.7771
173.729
-0.272285
-1.20946
4.7
-0.0618627
15.8063
123.841
310.519
284.248
126.375
21.435
22.0308
168.574
29.3301
132.777
214.121
8.34104
61.3826
97.2179
95.3463
21.3572
8.65583
3.65612
-6.85298
-2.89292
65.1505
71.5309
87.6932
-15.6735
61.6021
1.95984
65.9041
164.773
15.0239
19.6904
12.6807
22.4888
66.8521
181.183
128.905
5.82694
13.3761
26.5982
55.1101
-2.3939
26.2446
-0.343895
26.515
-1.79767
174.569
16.1246
-5.4434
46.5441
35.6052
13.7853
76.638
15.6821
70.3796
-0.0023365
19.5815
21.8011
45.1755
-0.421905
50.3565
2.49966
221.267
26.7069
-3.77808
-0.62733
88.3589
36.0689
28.8116
1.93563
34.5276
11.1533
15.5549
61.0321
115.974
7.09308
29.1264
146.905
4.80747
0.0208012
-0.15214
79.9543
96.7576
42.0786
38.5363
62.6183
152.398
-2.18519
28.4143
88.4722
10.1366
45.0862
143.722
6.87046
95.1109
100.086
4.23783
43.5959
45.4238
61.3512
65.2508
162.701
85.3168
4.43104
50.6462
12.1614
233.426
79.6454
7.66441
62.4572
122.45
9.3131
15.4478
83.8777
87.7306
0.686406
-29.5916
-27.7095
3.92064
60.3706
83.6181
-3.65824
-7.25552
1.28425
57.143
43.9041
148.107
60.8693
64.9488
16.1615
145.242
-1.07466
27.6845
14.4018
-0.404564
23.1742
-0.450876
5.03937
4.04572
47.3626
21.0369
2.8605
103.628
21.6128
-0.287999
1.22572
86.9264
13.5766
1.21199
13.8756
55.8376
221.051
169.718
35.648
63.7133
15.0019
64.5286
25.1816
10.4443
-3.20483
-4.08579
106.628
85.5904
18.181
15.156
1.11774
15.7632
-0.883865
14.2447
13.1786
3.13732
21.2591
19.8477
9.47639
32.3898
62.8119
45.1761
29.8373
83.8778
-2.52155
155.005
232.489
-0.561804
0.0266398
35.7432
37.8779
217.826
169.783
2.38353
-2.98467
120.182
124.602
-7.07193
15.0386
10.3082
106.079
83.8819
165.997
51.6108
49.5946
14.5315
147.781
132.036
-1.60017
99.7255
21.5475
16.927
77.0637
54.0215
39.739
129.64
68.4139
75.102
12.3982
6.56487
21.3075
-9.30584
-0.143605
7.62085
23.4932
34.4244
30.4447
15.791
40.905
87.2122
31.1179
142.886
148.116
31.4431
139.253
42.326
199.653
-4.42438
49.6226
1.06664
78.9453
103.191
27.7835
7.24159
52.3351
8.73818
60.3888
23.7204
18.351
20.9831
3.82807
14.6905
1.92511
38.8103
12.4257
-2.68349
5.1923
-12.1145
16.6752
49.5187
123.13
91.7321
-5.39604
24.508
-15.587
50.6516
7.50208
73.5111
82.5322
5.32239
-2.11405
25.5325
91.1785
-0.106223
4.15319
17.531
144.19
-0.509945
-2.84994
18.7784
184.208
50.6955
81.6651
0.231878
76.2596
61.3981
9.13743
26.2516
-2.10453
103.291
14.2289
0.0596676
86.0736
13.2255
0.134216
-2.04021
-4.32426
72.6789
12.9514
-4.61257
130.697
14.5104
94.0962
182.846
85.0186
46.9044
166.27
104.87
79.539
103.972
57.6639
6.12233
42.2211
133.06
95.1079
-3.9301
100.671
1.1527
124.483
53.6785
-0.203534
4.9112
-0.225432
5.78814
63.3864
16.6094
79.0866
12.5796
6.38023
-1.47811
5.69549
5.76495
1.53665
135.825
96.1441
-7.3386
7.55193
1.10102
30.0771
10.6984
0.130641
8.87461
24.3869
22.595
54.1017
59.3434
47.0477
67.143
57.0907
-12.4444
-5.55214
0.979175
31.0855
34.5495
135.962
130.915
-2.32055
-5.73595
94.9239
18.1384
25.7432
-3.83304
8.33126
0.980103
-3.31313
-13.6398
73.6903
44.0541
29.9101
55.7527
18.3388
1.23753
29.0532
60.8189
4.09066
3.44244
-9.68098
55.4873
42.0421
36.1565
208.785
18.5332
17.3649
52.5648
67.7459
43.5782
50.767
24.452
110.686
-10.8351
-0.522088
-1.06983
0.00612839
106.824
25.1533
22.4982
36.6246
29.368
13.3517
13.7426
37.5609
-7.04992
-6.6184
168.917
188.679
128.404
68.8202
-9.07848
-1.13709
2.16609
10.5779
13.8104
4.29347
8.81617
14.664
10.7583
31.8102
33.876
-1.35
2.2446
-0.986277
6.97469
10.9332
10.0852
52.6338
-0.939023
25.1965
-1.15878
12.4425
-3.89341
8.78447
7.30416
14.7376
44.8895
93.4615
21.3464
69.0108
105.031
52.0149
0.256912
31.4781
13.5464
155.648
143.644
4.98773
-5.54592
65.5221
10.977
82.0648
52.2945
8.82536
16.1355
18.2
71.1327
102.939
57.0951
-1.68104
1.79065
84.4805
27.8326
88.9526
108.261
75.0177
16.2823
38.9741
142.917
39.1497
36.4801
73.2662
68.8911
142.361
206.845
2.17341
24.4588
3.18194
7.40136
16.1518
60.2246
-0.864602
94.9452
67.7295
203.83
113.155
189.654
5.85083
10.4718
38.8603
26.2823
51.8826
52.3591
28.0426
40.6473
128.292
195.211
120.633
117.512
153.558
98.4952
-0.350995
142.157
99.5457
1.94954
4.06856
46.0579
98.4001
59.2293
76.6382
52.3878
-0.229989
-0.17237
-1.46089
-7.86187
-0.405006
-0.453477
40.9092
-0.17052
176.453
128.109
51.3557
19.3036
30.1676
18.5239
14.6253
3.84202
85.3051
22.9523
15.3707
111.53
242.647
66.6908
-1.2988
0.0833689
114.744
186.097
111.301
96.5624
159.477
97.8614
87.339
95.6223
61.6594
38.6123
-0.886858
59.4421
54.6704
152.642
96.796
45.1272
3.59308
3.84991
3.91662
93.0696
5.87863
140.021
0.713794
2.07226
36.7424
126.487
24.7301
120.305
47.7268
175.181
66.6963
90.0989
28.9053
39.7216
32.4352
35.9437
1.74947
112.184
-0.979788
25.8292
177.352
244.823
111.551
67.2992
71.294
66.8673
3.64055
138.425
118.304
0.180395
11.8196
-3.11951
-7.01909
49.9984
153.574
69.881
82.9814
53.8198
43.0217
136.965
90.9752
106.245
0.589129
5.00166
-1.2485
-1.09601
-0.175693
89.1311
-0.732469
0.170347
-0.16664
55.9711
74.5341
123.047
174.513
47.6767
37.7809
-3.59194
30.2958
54.8887
40.249
-11.6789
26.1297
11.4356
93.402
155.862
120.342
80.8084
0.809341
0.110944
-1.96816
61.6253
9.54621
3.22269
55.3935
-0.0900267
124.935
0.190892
2.22319
180.969
54.3302
123.114
18.5397
58.0125
52.1601
20.7486
-15.4898
28.57
42.553
51.4894
-0.877252
3.68455
41.2965
52.1
-2.3507
-0.414983
113.43
119.644
37.2017
62.7577
62.1151
85.0332
61.5786
60.0721
45.5647
-3.88351
30.8763
81.8218
25.1483
18.1307
24.1225
8.74938
0.716613
19.6755
107.532
-1.59233
-7.19636
11.3796
115.872
133.263
59.5647
134.962
-7.48323
1.88713
-1.19957
-1.61019
98.7391
181.535
108.047
-0.491218
4.81534
60.0482
6.32917
-2.55817
50.1304
7.18119
67.3146
4.67353
2.49291
36.4879
48.7746
61.035
17.4762
-1.5929
0.548518
-12.2963
1.15519
7.83588
8.59182
-1.93506
0.999313
111.183
76.6398
-2.1287
17.7786
1.17745
131.072
-2.62576
3.387
130.773
118.401
132.345
14.1759
81.269
156.956
72.1094
0.951142
-3.96807
-7.1168
43.6756
45.0146
0.694327
0.233787
11.0685
-3.17342
31.8802
113.143
9.38531
94.2653
94.4282
114.471
-0.863544
8.57239
30.7355
40.0655
-8.10639
0.823533
50.9124
54.9874
96.0213
0.172587
-3.23543
52.8715
46.4116
88.5938
111.12
111.533
250.274
163.476
-2.04813
52.2169
99.7977
-1.34087
26.3625
0.96525
225.174
-0.19446
-10.0478
-15.2864
-0.225273
57.7919
69.0163
8.71661
12.7159
3.47403
11.4952
62.947
93.6839
110.555
29.3691
-1.70481
60.9601
-1.59505
37.2553
70.3296
68.7972
43.9515
-0.41049
73.3886
38.6388
139.775
169.494
27.3927
86.7445
33.0247
-0.00170433
7.29278
-0.939392
1.07732
28.9606
115.951
113.23
65.8211
58.3463
62.2299
94.7096
22.3322
44.4281
161.258
8.62633
28.7743
-7.59531
-3.91316
13.8586
5.57513
111.37
12.1553
12.0946
8.22166
6.87179
104.302
-11.1596
13.387
17.3781
152.737
138.023
21.127
81.6329
115.415
83.9273
64.2996
49.6838
89.4149
115.059
119.503
133.807
47.5682
74.3446
33.526
14.1636
28.5616
75.4962
-2.48759
28.2059
11.8452
236.103
108.206
121.424
55.1659
83.6975
108.795
89.5715
68.5863
43.4403
21.7079
44.4205
-3.73529
32.2917
34.3059
-5.20474
-5.64198
-1.94343
144.95
178.538
47.4938
25.9142
47.5798
27.7104
61.6454
1.49329
14.461
12.7493
47.4196
112.758
39.8137
160.308
102.501
22.4057
117.456
110.289
84.2948
45.131
4.46877
3.96843
47.8066
233.611
134.444
74.4508
150.99
-1.08218
21.4901
-10.3926
59.0004
3.43488
-0.110181
67.0652
0.146916
85.6098
17.6535
2.7975
2.93372
-0.0434736
5.02428
7.43741
15.5815
56.9625
63.4309
104.488
11.7703
109.144
145.08
35.6928
-6.7794
29.1819
36.8021
50.7351
45.2873
30.8198
-3.79229
137.852
37.4576
111.698
106.435
-0.266117
13.8782
115.6
48.9091
6.47797
34.2055
31.4602
32.977
16.1527
14.0977
19.8277
-4.44736
158.831
35.0861
6.02244
5.71912
8.77453
29.6497
27.5562
13.5475
31.8009
48.0708
36.5352
45.3381
0.351676
61.2712
4.56848
-2.06498
55.4825
79.4626
58.8503
46.6236
177.697
-1.37
89.6583
93.4779
0.989238
9.03475
20.9694
55.4605
121.378
66.3015
99.7444
99.1767
54.3364
22.7787
86.5417
129.923
-0.862363
66.9337
3.5065
-1.32528
0.198711
13.3586
85.6449
90.5724
5.91058
6.51209
0.35079
123.038
12.6615
111.161
93.5288
59.1835
97.8666
-0.71786
1.00441
-0.172007
-0.999478
99.5199
32.7883
50.5507
122.276
162.774
22.7568
17.9775
132.695
-0.336397
112.576
-0.146589
3.9832
87.2455
58.7058
38.1279
30.3135
0.679192
29.0716
0.0771676
7.0736
122.884
134.142
-17.2361
84.6285
-0.283414
8.55047
16.5972
6.63939
-7.07978
0.784992
22.2089
57.3801
49.3238
-6.09883
22.2948
37.2886
120.082
27.9126
23.9212
28.7481
49.6602
106.498
11.0079
98.0637
25.6855
56.3548
108.061
75.3726
88.1194
103.629
-19.06
30.0105
48.45
53.8065
59.723
105.176
36.7304
142.252
68.3346
70.0404
19.0651
146.782
125.044
0.00938906
2.93118
7.78035
105.368
6.62304
1.89961
11.3211
119.923
-8.22669
130.504
82.2866
59.3794
214.818
93.3431
25.9398
0.724022
5.02176
101.034
80.0219
89.2575
48.9011
10.0254
4.13211
33.9747
42.3358
3.42621
120.566
68.7484
49.5947
88.605
46.7441
6.46141
28.09
27.5136
10.8472
-3.3488
52.1664
50.2466
44.6957
-0.551037
-0.492168
0.44813
-1.09413
11.0358
31.4394
21.7933
-5.27692
110.671
29.3149
27.059
8.71299
37.0967
10.4597
11.6495
183.662
142.673
0.428996
152.259
47.0532
6.29579
6.1379
-7.87556
11.7946
1.05589
57.9545
17.2877
71.5023
74.1386
98.1186
3.40677
-3.43204
-0.882475
1.28348
51.5155
256.291
4.82038
146.31
250.511
155.382
9.2066
-3.01051
4.14772
0.422189
147.579
54.8811
-0.137248
10.6868
-1.33121
0.430532
34.9153
-6.64708
11.3286
202.185
54.3493
95.2677
23.5554
-2.85671
31.0705
116.481
87.8578
30.2594
27.7618
19.236
2.09902
5.32049
1.84751
-4.17992
52.3627
39.2184
126.385
111.557
-0.44974
1.24593
118.398
85.9537
101.446
255.71
209.543
80.4837
10.4827
17.01
6.02065
107.68
245.448
104.705
239.645
21.6275
166.285
166.147
31.8427
142.606
130.703
134.953
4.86374
27.4666
2.11554
0.0668738
212.563
39.635
9.25131
5.47824
-7.34201
23.1754
122.196
107.987
32.0156
76.823
3.21703
60.5389
12.6947
20.5664
16.8066
10.6969
22.3833
134.971
-0.986944
0.341975
37.576
124.175
138.289
32.2928
20.2783
19.886
107.261
13.5797
6.14334
-0.284601
35.2126
33.482
7.93816
3.9025
65.1386
63.858
-19.2914
16.487
156.338
36.1224
27.5081
89.0668
101.529
24.4697
12.1417
24.3101
30.292
2.78798
31.3969
39.5652
6.19935
2.14118
14.8814
4.12887
58.5157
31.1031
0.43473
-0.25011
134.215
149.164
28.9565
-1.60472
13.9248
12.7801
16.8675
-4.7245
270.545
142.03
131.775
-0.359386
31.5205
74.051
0.201751
35.5625
10.7346
170.179
85.1847
-4.31124
1.08338
8.04022
84.3577
76.2068
41.0671
6.13294
113.402
187.434
77.2939
-1.17544
-6.37232
74.2238
16.9459
8.67121
14.7511
102.476
126.5
-0.154814
31.198
161.48
162.987
93.9641
50.6159
10.674
5.2443
56.7694
20.8354
4.41597
1.32053
241.584
177.715
43.0914
17.5422
3.9523
3.30497
53.9639
106.103
103.115
105.767
117.127
274.063
64.6401
192.513
184.949
247.632
75.1504
135.188
0.522756
63.8494
75.8916
22.6204
28.0194
6.37461
82.0184
13.3742
55.452
46.664
53.6152
3.8464
43.7981
11.0564
4.41982
48.5629
9.31787
1.80183
-1.74847
16.5608
115.105
103.992
3.75492
21.6257
96.2186
222.254
11.6333
12.8414
17.8408
136.58
-0.357393
20.9492
83.0035
82.4968
4.68989
104.942
80.0262
39.8922
13.9486
121.977
192.937
-2.98262
93.5758
115.286
6.7952
16.6812
-3.92347
0.743927
71.0922
135.259
55.802
51.2114
64.6961
140.907
57.4811
25.6067
2.4238
120.782
197.527
121.13
130.364
9.74205
133.362
-5.80021
-6.79392
24.8829
70.1506
84.9623
98.0206
1.40658
1.1592
82.453
102.051
26.7539
35.2953
84.9608
52.0562
161.327
135.247
146.609
11.3952
2.71937
16.2498
4.07342
68.8673
99.9006
125.333
22.2228
16.5847
22.3633
24.8807
67.1567
105.684
131.322
129.418
130.788
15.3204
7.76693
1.43672
245.122
97.0419
-22.4986
-0.525864
0.492434
4.87008
97.4259
7.6932
27.1573
11.9302
132.519
2.29305
3.63252
123.851
167.641
2.97359
103.066
69.05
40.5327
29.3091
110.23
119.741
164.083
72.4016
84.3271
-0.831322
-2.56198
-1.46424
106.092
10.3629
2.44784
93.27
65.704
48.8751
140.902
28.2153
70.8784
51.9641
19.2867
93.0707
1.71576
2.25253
1.17241
52.8877
18.4178
159.257
158.795
41.8774
30.0331
9.28721
1.20182
45.8986
2.87646
34.1166
12.0626
37.59
33.5061
101.501
68.7112
168.044
146.827
-0.81581
-1.41896
81.6169
30.4307
51.9878
47.7715
-4.48137
21.0531
6.87308
46.6769
8.80394
103.309
131.498
96.4823
58.3593
123.64
11.318
4.34116
-0.215871
150.843
0.190688
-0.138795
0.861128
53.6549
183.929
122.865
8.31253
11.9829
-3.08894
112.2
122.641
111.817
88.7665
93.9774
45.9809
11.8935
6.09658
167.413
67.209
52.7448
39.9784
305.134
39.598
-2.90011
43.1562
90.5199
38.437
183.122
-10.5554
15.6508
6.26692
51.7872
85.3818
2.27583
-1.9873
-8.33853
24.2569
56.1257
145.17
0.775662
111.933
66.0568
79.7023
53.0416
-0.830505
97.0009
-20.1545
95.7422
39.3598
49.7576
90.3329
147.095
154.552
21.4083
52.4578
34.2751
148.467
46.5398
161.96
240.811
12.5957
55.2462
59.4971
24.2048
0.661463
13.3625
9.30919
137.152
46.1318
6.4573
4.69983
14.2715
21.8683
148.147
121.717
37.6752
7.97874
4.34789
84.8179
45.2941
11.2768
0.152997
3.33603
-2.02909
16.1414
8.90914
14.6077
25.8406
41.9822
23.6744
17.8461
-0.363197
145.346
30.7605
-2.36
1.16213
-9.45024
259.736
204.746
112.478
34.9115
116.593
62.5375
62.1624
1.4756
72.7801
31.1814
63.3065
138.919
263.183
20.7495
49.2483
79.6397
141.942
5.75364
2.65257
42.7255
62.9639
146.248
-8.43236
215.284
107.943
24.845
88.6713
21.5391
209.633
119.666
274.311
111.353
13.0285
19.3813
43.0561
33.2486
75.7364
89.3042
1.80137
88.0566
0.549338
75.3503
115.877
84.2198
96.28
137.802
116.727
70.2415
19.6398
151.799
137.776
7.61744
7.99586
-0.177347
31.6427
17.3442
268.163
148.47
89.049
88.3817
11.5972
49.747
71.9414
65.1572
63.1752
127.22
130.769
2.53464
8.00699
156.958
302.187
254.489
145.565
2.17095
22.2761
137.395
2.07217
-4.27109
0.177697
-9.62651
83.6726
194.455
78.2919
25.268
5.19335
2.69898
3.35065
1.01702
21.754
32.4257
-3.13631
128
235.925
88.3807
47.7709
0.225439
146.603
-3.89833
-14.9886
10.747
52.233
55.6092
48.9189
83.5461
27.1883
10.3018
41.4274
73.43
13.8255
0.316918
123.121
1.91973
-0.639032
62.286
65.3684
130.711
129.498
8.18128
30.1566
29.4053
-2.0836
16.3593
113.694
129.399
21.9651
2.19871
12.9684
91.074
0.728435
131.805
-0.0831401
8.12017
9.2725
-1.61547
22.5804
23.4801
98.8905
66.4632
113.914
187.492
90.3594
33.8288
109.03
66.4529
65.6668
-1.45642
0.436483
35.2741
89.0532
42.1078
110.217
0.885211
-3.87108
0.13891
18.8075
7.94407
21.1582
26.9346
7.59015
2.10896
15.7523
37.4308
4.98042
20.8359
0.258367
6.90813
3.24869
0.734316
257.376
212.747
21.5544
92.0289
100.419
28.3989
28.4556
39.9319
1.4501
70.4353
132.645
170.835
56.1871
-0.605003
93.6074
24.2965
9.80777
143.243
129.01
71.173
179.169
52.1126
48.7217
2.75582
-0.380461
11.1839
11.4756
-0.0382073
157.266
74.1534
69.9796
39.1389
9.94615
50.4594
150.488
217.856
110.854
212.021
17.4447
-4.65217
26.3363
1.53012
1.86589
-0.0667904
103.884
177.19
-0.328563
20.1895
3.30613
64.0572
97.2982
97.429
7.1182
23.0419
3.45285
42.2485
38.5246
1.57404
7.06224
-0.238313
53.4245
0.0299674
-0.749316
4.72511
196.496
90.8653
-0.556731
2.57994
29.584
28.8104
63.5455
17.59
81.0907
68.1986
39.9511
17.9774
128.792
225.904
-0.022147
9.18504
182.181
37.3293
32.1517
32.6216
65.2652
3.84027
60.018
73.7199
112.548
90.3793
55.2484
179.794
68.6791
0.56576
116.253
118.824
0.673744
5.30339
36.8318
42.5331
147.338
-0.165228
27.1717
68.511
33.6118
23.2249
19.926
110.248
245.298
11.2036
19.0753
82.026
71.2305
31.6084
131.957
279.063
125.802
142.158
0.16916
12.6132
19.8901
3.33729
10.5118
98.742
95.7662
71.7916
9.89952
19.3779
12.7446
0.323793
0.17568
23.9374
29.127
32.608
121.175
4.31513
10.0934
54.0311
32.3147
21.9288
10.0903
1.0669
135.688
291.065
256.201
138.78
130.454
15.9162
4.1171
26.2615
58.1359
3.97388
30.2205
-13.3231
-0.832276
-2.99202
87.9178
240.249
129.422
8.82598
184.287
90.6138
36.8541
-1.54911
-2.30024
112.491
24.3492
51.1491
53.4049
125.085
187.117
19.9147
-0.0831652
26.5911
25.6482
118.378
-5.58886
1.27265
89.6909
42.557
22.3346
20.0898
43.4084
52.8842
-2.39989
2.9988
-6.68498
-7.76065
9.90719
50.5671
80.0644
87.1072
267.003
150.027
76.9526
69.3126
9.2357
141.33
-2.69305
16.9094
106.907
-1.45633
7.87257
186.708
146.745
35.8706
37.482
49.4598
57.0202
-0.513719
58.1659
29.947
-4.48139
11.6446
234.386
74.8059
74.5848
44.3498
24.0831
17.6829
80.0597
68.7645
-0.113386
22.9298
-2.32041
0.371412
7.79707
52.4201
62.7807
77.8056
-6.87148
82.5241
116.008
4.20812
10.1539
24.3836
52.0835
102.505
145.465
3.12256
13.6069
14.9327
8.03966
-2.84683
49.6628
137.163
168.518
248.292
24.6181
-0.155057
4.7134
22.6799
30.2108
39.1466
9.26036
16.7454
25.931
27.9516
55.3514
21.5875
3.82497
54.9743
129.495
22.1889
59.2463
16.7242
71.143
97.1299
22.3424
84.2474
80.3757
3.39215
73.376
49.2371
93.0969
113.476
16.81
131.851
16.0474
16.8764
183.563
73.5007
73.3027
26.0868
135.601
1.36405
67.8063
19.1797
10.8194
169.642
60.9697
128.844
1.31298
119.084
366.458
170.59
59.3041
-1.0435
13.4663
2.82445
-8.96785
61.1211
54.885
86.4172
-2.28391
-0.544358
0.24966
2.44458
3.57768
49.4912
-0.324715
27.5134
37.1327
6.13017
11.5776
9.62573
101.036
10.8348
76.3501
3.35961
1.55105
17.5508
128.691
41.8537
90.7354
97.8341
94.1486
126.773
61.6392
80.2606
10.2247
50.6742
76.4909
1.5305
6.51109
56.2476
18.1854
1.5151
4.918
14.1961
12.89
19.5025
54.0985
68.0644
129.69
12.0657
-2.73502
14.4942
0.351196
80.2571
88.2632
-0.846746
-5.24372
0.192395
14.5398
75.0084
69.174
68.3023
135.146
65.8872
80.6737
2.45983
146.109
108.364
16.1082
28.2735
69.1679
147.752
126.714
276.526
211.548
131.803
2.50724
19.9911
35.1726
24.0604
33.7654
8.55991
36.9267
0.45263
87.0747
196.775
58.3232
94.8411
-5.36625
37.1451
21.3931
-0.414832
30.1273
22.1959
-1.53866
7.73607
18.6815
0.644994
90.6809
239.512
191.752
-0.466279
79.8501
2.60306
-12.8804
128.902
212.348
10.4804
145.267
-0.0539061
22.0002
31.8478
14.1686
92.3476
13.7319
148.889
162.288
59.8891
65.0258
138.278
157.199
-0.869798
-3.43138
-1.68523
7.70133
19.7217
-1.05263
-0.212579
8.16292
10.1268
14.069
35.3302
91.1069
-0.494329
-5.94981
193.322
82.8394
2.00144
11.3226
-0.079996
62.221
90.1654
58.3948
60.1387
-1.14287
-0.693321
145.138
169.074
12.6344
23.2324
5.45089
70.3499
160.476
11.191
104.391
21.86
39.4291
-2.91307
94.0243
96.1966
9.00679
26.0078
76.8205
-1.43145
-6.80275
131.031
-4.11778
10.4453
73.5663
25.8736
-1.62039
-1.47974
122.303
85.2431
18.0882
125.337
96.617
41.568
16.5582
56.8089
124.554
102.069
-0.442146
93.8051
304.248
125.797
-1.73512
15.1988
111.135
18.3345
63.6845
36.4578
16.4488
155.608
101.44
3.66297
14.9389
161.321
245.376
-1.80257
47.2414
80.8436
3.82073
1.00412
6.12219
94.7324
2.37606
2.44658
9.40207
23.3345
14.775
136.095
201.181
47.7661
19.9443
138.251
-0.0273863
-0.740014
111.255
75.1302
72.0642
104.195
58.888
40.7911
-0.688592
65.7493
185.532
207.886
11.8633
43.9995
6.66389
44.9684
187.024
15.4637
8.42036
12.528
134.604
71.0328
80.4359
24.2275
-3.335
24.6011
54.9314
0.165222
-7.7866
102.868
5.21985
128.228
214.852
2.5766
18.5007
-1.41262
26.3298
37.3563
153.351
261.583
143.868
21.3837
72.8847
101.667
95.6222
153.496
56.2816
-0.309015
109.912
-10.9575
12.2769
18.3564
147.501
69.3593
24.0213
10.4644
26.7081
46.3899
65.5337
143.028
99.3049
31.0301
93.7896
-7.07842
-3.35148
108.64
2.00164
6.72244
101.687
197.235
42.774
2.4125
-2.49793
-3.09217
15.6745
25.8834
49.6273
67.9693
8.1691
10.7762
-2.27678
-3.81071
106.604
5.87469
6.68385
10.1809
135.681
17.6171
-0.4569
-0.890857
-6.29194
-0.752419
22.9718
62.0495
150.037
6.33381
76.1289
52.9087
41.5047
34.2507
73.6866
37.6084
47.1881
-0.617657
3.38517
13.9001
-2.43242
130.574
144.608
7.58659
-2.88999
151.785
220.695
9.13628
16.3015
0.660838
-6.33229
108.283
64.2091
1.70115
14.1474
33.4664
50.0108
44.0456
3.24428
-1.4896
-0.0679726
135.821
145.725
-4.82745
20.9902
56.5519
214.994
87.7429
-3.3651
-0.445837
-1.2908
171.861
70.4311
-15.5713
27.8793
88.1555
114.907
23.0668
59.196
72.7006
118.755
153.482
64.9079
16.1635
46.0492
144.946
-4.67955
7.8091
3.54947
-2.29066
-0.3568
1.21555
-2.30639
1.28011
46.9445
55.2114
12.4942
43.0345
14.7835
50.8224
155.785
0.201914
-0.42386
-1.92531
194.132
116.991
13.033
-4.95025
173.025
109.723
47.6813
3.35486
9.37344
23.3695
80.49
146.015
-0.923025
-1.06076
3.3396
135.502
163.646
151.199
128.3
31.0602
57.7056
68.6919
58.845
8.50945
-0.9789
11.086
3.72095
177.7
45.3695
4.54624
3.20929
-1.00374
35.4393
32.1689
103.638
108.282
-1.50598
74.727
52.4048
0.76117
11.51
151.2
164.591
58.9368
14.0532
0.980043
46.5335
135.092
-0.352951
22.8573
42.9317
0.196426
102.416
64.0951
95.4756
6.41302
127.278
146.455
47.6382
7.04258
2.84193
184.525
43.2618
9.00739
13.1191
39.7937
98.4486
42.9541
-2.0749
17.4213
107.908
120.472
34.4835
62.3415
34.9156
21.6003
61.7632
36.1579
33.5137
1.83317
78.5769
55.5666
12.4235
7.52973
77.8565
166.146
78.5804
17.452
-5.25425
19.5633
0.909603
130.941
80.5551
125.276
58.0822
11.4346
72.1929
70.6382
8.05128
46.4164
42.5895
60.2869
59.865
-0.00701796
0.288087
0.117032
123.237
335.723
21.0549
19.4379
4.8513
174.74
110.649
19.8455
11.5005
146.81
228.706
10.0448
10.8459
69.645
14.9009
47.1657
138.137
-2.43685
-1.32227
13.111
127.599
129.013
99.3775
121.664
-3.17198
2.04457
38.9384
39.3218
30.9118
46.9844
104.666
71.1858
99.4463
49.4375
0.892106
-4.55862
0.0307495
-1.43903
133.9
113.382
151.151
27.4001
66.7049
161.582
151.915
-1.68298
35.3383
30.9365
7.57824
3.96469
91.1628
-21.4413
87.364
184.873
151.754
126.828
12.4369
4.90113
19.9993
-3.23855
5.44658
9.29928
-4.26603
85.3939
99.7223
58.4594
46.2684
87.2336
180.776
136.65
121.783
121.164
-1.20104
15.7934
67.3204
5.97485
174.269
129.507
53.4775
2.5935
47.6847
229.656
0.127483
13.94
-0.460554
108.36
40.4924
19.5772
5.4217
57.6048
100.123
-0.320333
0.413977
148.339
-3.57605
142.408
149.312
29.531
89.6342
102.716
17.3843
22.5051
61.4283
94.6892
73.6281
5.24166
118.954
338.944
127.853
3.26706
-0.221398
-5.23683
16.998
108.354
137.222
-1.57105
-0.361486
69.6722
70.4739
-2.1255
91.1799
-15.2153
68.308
185.119
116.179
131.84
70.2074
-5.86476
89.0191
5.87099
33.0778
100.45
113.224
-1.67443
52.9613
23.7579
69.7731
15.0959
32.4601
161.82
33.6313
30.3018
10.3743
110.601
31.2983
32.8185
31.8405
55.5089
48.7103
23.3511
-7.7813
11.3044
0.888705
178.92
102.831
145.303
-2.91284
15.8563
81.9026
7.60601
91.3627
211.242
134.958
17.0089
32.1623
70.7617
58.2218
60.1806
18.1881
59.3599
118.287
0.07734
2.10621
77.0288
-6.21238
115.229
13.7131
29.6951
124.706
114.374
-2.95435
9.1272
162.077
62.7572
30.8261
50.0509
38.0556
111.089
11.2414
-1.27269
28.8642
114.72
53.9787
-2.11428
81.6957
51.6618
-0.152018
-7.45011
-3.43514
12.0087
0.701245
-0.704905
-7.52073
128.128
25.2181
137.634
-6.65515
-9.62255
88.3267
6.62966
78.9963
143.58
-10.0145
-10.4849
120.921
129.384
73.1219
18.012
42.0646
128.233
120.904
141.89
160.574
299.94
56.4424
-0.196213
20.4167
20.8342
-1.47826
21.8538
142.011
24.4525
7.00641
147.701
123.901
228.438
39.9092
51.5894
98.5872
2.80532
97.1622
145.88
159.869
65.1579
58.0499
-6.66474
-2.7216
72.474
2.52835
59.6494
146.234
63.6186
73.2294
83.2611
91.0071
11.7698
45.2981
-16.1608
36.2411
-2.14051
-5.9074
78.4443
120.801
1.30983
19.4263
123.957
104.415
-0.535657
24.3712
36.9109
12.6702
88.3557
135.726
75.7839
0.204056
40.2031
137.907
122.981
6.50771
179.244
143.459
2.28894
135.068
189.131
11.8793
97.8288
0.0780373
29.5951
11.2579
4.23542
1.76814
158.853
36.7617
37.7419
136.132
-6.16299
188.855
40.1677
57.4453
1.22356
10.4935
-0.0642624
17.7514
0.0989799
39.9926
36.7902
32.2883
5.2056
150.251
174.055
132.811
48.2643
54.9534
-0.900821
125.492
148.949
50.6836
-0.06289
131.048
123.354
9.70501
21.5639
-1.90331
-2.73991
31.7563
-1.31084
4.1797
23.4068
94.4169
71.5123
9.83284
97.0906
0.637853
-3.70803
93.4375
29.6491
75.1918
15.4374
23.9476
18.5479
146.285
95.6706
-10.4642
10.1242
8.87228
95.9902
74.5629
20.5591
34.0731
142.36
111.737
-12.8188
152.212
17.6963
-0.739704
-0.522186
2.37386
14.1917
0.811848
196.265
178.507
5.07898
2.03554
51.5997
148.673
92.4318
21.5253
30.2664
2.21115
46.39
93.2512
96.301
-1.0762
4.31276
145.219
135.83
44.7173
45.9773
25.2797
1.76843
1.75156
-0.373381
-5.84266
82.7874
29.5924
154.42
126.055
24.0175
4.03256
162.031
111.602
85.0242
102.903
26.1168
16.8358
54.8747
1.65391
-0.0450918
90.0019
24.6903
-13.2208
17.1169
148.036
142.373
114.675
86.7195
-1.82233
1.43398
117.228
78.3583
4.46137
156.249
73.6778
1.25102
135.924
147.447
131.255
-1.29871
83.1717
182.388
263.127
89.9692
22.1305
21.2541
20.045
30.7525
16.9074
65.4739
46.6872
61.6012
-0.124514
-0.121893
148.966
64.5943
-0.0739378
102.758
5.55874
34.9336
87.6296
42.9716
8.7295
0.803168
-5.93385
0.886532
51.9888
4.41715
18.8965
-0.306196
145.976
2.26797
37.0579
97.1709
131.552
1.13169
1.05265
-3.79247
48.1454
25.8813
20.5521
18.1202
4.53984
47.553
41.2261
82.5863
18.3149
114.163
68.677
-1.83533
5.54948
16.5425
90.3847
93.3826
8.93014
1.75292
-3.30424
3.26976
5.64851
39.8037
171.798
31.9639
-0.294015
23.9749
7.88786
10.3921
59.2809
43.2816
-1.72929
0.20626
93.8827
45.749
64.5837
42.2484
111.848
96.426
57.2917
-0.0120945
5.47111
42.2099
0.735984
16.5271
56.8678
14.7467
41.3857
80.695
66.5715
126.885
185.51
17.3337
2.51502
62.9345
12.879
3.6331
-1.40081
125.252
61.0434
172.094
41.544
194.511
47.6179
4.17821
100.008
7.87649
54.1851
-0.83791
14.515
15.2893
22.9186
13.2378
158.498
2.22984
1.88064
2.34454
114.349
138.057
235.006
84.7292
238.637
128.275
50.085
29.0427
86.9493
124.455
82.3796
26.9816
65.1919
22.7945
2.46998
40.2062
-1.2188
-0.838398
-1.8193
3.57518
12.6726
24.8447
26.7746
-2.60199
117.4
169.532
152.975
31.3934
70.6062
102.664
1.87714
6.85594
23.0819
-0.036845
-1.90727
1.30351
125.978
43.2858
9.11252
-2.04861
139.213
238.419
103.742
118.858
128.228
51.9681
5.05314
26.4088
2.03429
109.124
97.1195
37.1857
1.57182
-25.4422
21.4698
21.1668
63.3162
106.909
49.9437
125.103
42.5011
37.7144
-0.655335
148.772
89.4079
130.188
24.7037
2.3867
90.3385
58.434
220.773
115.168
53.9115
29.3946
74.5097
5.15312
116.231
0.66004
16.9887
30.8619
19.444
7.23039
94.4242
-3.35023
194.938
83.4837
35.9289
-3.42796
-0.271344
32.8351
59.9671
62.5028
24.8756
8.03374
96.2492
150.924
56.1057
62.4318
-1.21499
16.5202
124.615
99.8507
1.4937
1.85395
153.61
-1.45485
0.565455
6.04285
56.8387
107.792
-0.816018
3.35624
4.36618
103.409
172.652
56.7309
-2.76776
12.7268
39.1181
15.7649
39.8535
74.5127
74.9393
27.2798
24.5298
-2.14965
4.57123
150.316
6.43902
116.096
80.6669
27.9528
38.0922
120.711
83.7591
112.044
26.001
10.7171
5.56805
175.442
166.206
73.813
27.3737
31.5971
41.195
79.6685
37.0954
41.9809
0.579972
1.76021
15.7822
-0.409942
92.0934
26.1557
76.9027
12.4416
252.473
112.46
139.741
57.1878
23.9677
31.0886
2.31798
4.77163
31.8561
22.7857
140.574
-0.0949712
-3.18669
204.436
153.216
-0.240564
32.7301
11.2061
-1.64174
29.8221
176.068
176.418
33.1343
67.9535
11.2065
53.1798
32.3698
-1.40319
178.932
-3.65424
35.5943
53.7657
12.3137
86.3156
32.0393
-4.96234
-12.9736
33.5967
59.1476
43.7629
-3.81479
9.19904
136.905
148.518
142.697
103.305
19.3992
86.732
68.0663
4.2079
5.02926
125.405
-1.67571
10.4927
17.1466
13.8457
14.1485
2.83114
2.62605
225.808
28.544
84.6899
76.9563
10.1172
82.1102
146.85
21.7344
108.977
194.454
151.467
-0.474396
73.9177
127.143
82.4545
72.2427
10.0816
138.724
60.086
137.704
156.532
228.21
49.5261
84.0577
111.563
18.6709
44.7088
-0.234895
10.169
12.5099
-2.65249
196.531
127.949
142.141
177.777
16.8524
97.8904
66.001
75.4506
130.604
11.3751
22.5389
-1.38621
-1.53345
60.8009
-0.179091
41.3996
30.8016
2.72276
109.822
29.359
-1.45726
102.899
102.396
132.544
130.975
-4.86911
15.6833
72.6746
22.9058
-0.741601
2.0748
182.585
186.358
44.7126
5.49495
34.785
14.6227
79.3039
15.3376
126.61
-2.40166
-1.36587
0.103062
-7.90209
3.37288
4.14263
-0.768684
-0.581469
-0.104892
129.561
22.7519
24.7888
13.4434
34.0227
86.1155
168.117
-11.4023
32.9095
24.0479
-6.65011
-6.60065
52.0052
99.1673
-0.0959469
35.6837
0.404346
2.00826
7.1117
42.2302
87.896
83.2185
90.3667
57.8071
53.2733
9.04524
47.4422
39.001
124.049
20.7488
38.2534
64.8477
-0.227829
141.545
199.517
17.5441
87.1474
6.29986
52.1563
135.004
1.0825
112.677
145.396
19.7292
13.8591
90.5864
13.4753
22.5294
24.0252
-2.63733
8.82356
10.0058
153.493
91.4866
49.1893
112.531
246.621
159.048
-1.30171
-2.22175
-0.727916
-2.69092
204.059
140.455
20.3723
36.9586
28.7862
43.9691
93.7484
23.5679
169.444
0.916426
-1.34556
126.497
56.6917
104.5
147.635
-2.21718
-0.937361
97.7683
95.9741
-0.153131
179.958
257.337
3.27501
134.818
359.68
99.6107
64.906
105.959
39.0037
66.4215
70.4394
76.7792
67.3757
1.62755
-0.924893
78.5485
90.8545
37.2201
70.6038
16.0023
23.4581
39.1942
24.6628
65.0784
160.989
117.609
78.5173
4.49529
75.2289
100.337
119.445
380.538
50.657
60.4543
141.384
68.2706
-2.64127
165.052
139.119
20.5427
26.5622
-0.929811
144.68
131.827
49.9032
13.1663
72.045
71.362
176.294
1.25661
98.209
71.7861
-6.59569
53.8658
117.308
9.74776
161.611
134.242
98.7496
75.0865
45.4168
-6.97992
33.9351
201.605
16.2844
55.2492
72.7976
78.2707
84.7
7.88817
167.151
265.094
-9.15525
195.098
238.061
3.64705
7.65858
31.3366
28.4434
3.20919
45.3783
117.879
12.0102
-0.228772
153.421
44.2596
62.6952
83.8836
16.2104
26.9572
39.1454
16.8514
-5.64947
68.4461
11.2931
12.9324
21.2966
9.80393
-1.87174
30.759
15.9084
41.1114
14.7577
85.4908
21.7515
16.7282
-0.607104
0.0555272
192.527
257.481
17.5604
129.822
0.934926
12.2483
71.6038
39.1932
8.0802
80.3161
100.721
-0.401209
13.5037
108.817
335.396
7.75972
65.9911
98.686
144.852
-1.60713
108.118
47.8702
8.95345
71.9565
2.78339
70.0201
107.172
-0.409746
27.6467
98.435
197.222
78.6551
2.16632
-6.318
-3.1208
146.176
142.779
197.951
122.313
73.3155
222.539
107.303
151.409
148.228
33.2474
-2.56783
-4.78671
132.766
140.338
58.0237
54.7453
20.4253
148.977
167.308
-14.175
-5.82028
70.2215
49.7718
54.1247
14.9373
56.5828
42.6434
24.4393
-0.233126
-0.346015
113.647
22.9266
11.3453
5.93407
4.00249
-0.191221
30.2786
39.3512
88.3355
88.2269
10.7764
-23.9794
-0.0349446
0.431808
-0.30999
-0.750694
13.8184
139.344
42.6492
11.4352
142.709
152.831
13.0591
128.827
155.067
92.8663
-3.51496
40.2193
136.321
149.441
13.808
75.793
8.14545
-2.23185
-1.2211
-0.432805
39.4844
-1.60374
62.4286
68.0332
-0.115001
124.178
21.0754
2.20169
6.0242
38.012
44.4837
6.63123
2.28301
0.0391693
3.04807
15.3075
103.003
200.701
49.2556
84.1051
187.259
77.8493
23.1976
145.519
26.4159
120.213
28.3335
-1.6999
27.9652
43.9808
10.1702
-0.594161
43.9789
74.9275
95.6863
63.4491
91.5812
28.8084
7.46587
72.9562
180.719
207.043
54.9802
26.1906
76.7127
105.178
79.067
-7.1024
-5.6599
6.82019
21.5062
40.3909
0.287555
-1.06858
31.9441
117.817
114.073
-0.424642
